DocIDPeso 
1    3    
1    3    
1    9    
1    3    
1    3    
1    3    
1    3    
1    3    
1    3    
1    3    
1    9    
1    3    
1    3    
1    3    
1    36   
1    3    
1    3    
1    3    
1    3    
1    3    
1    3    
1    3    
1    3    
1    6    
1    6    
1    9    
1    9    
1    15   
1    3    
1    3    
1    3    
1    3    
1    6    
1    3    
1    3    
1    6    
1    3    
1    3    
1    12   
1    6    
1    3    
1    9    
2    99   
1    3    
1    3    
1    6    
1    9    
1    15   
1    3    
1    21   
1    6    
1    12   
1    3    
1    30   
1    3    
1    99   
1    6    
1    3    
3    99   
1    15   
1    3    
1    3    
1    3    
1    3    
1    3    
1    6    
1    6    
1    56   
3    99   
1    6    
2    99   
1    3    
1    3    
1    3    
1    6    
1    6    
1    44   
1    18   
1    3    
1    3    
1    38   
1    3    
1    3    
1    3    
1    3    
1    9    
1    3    
1    6    
1    6    
1    3    
1    3    
1    3    
1    3    
1    3    
1    6    
1    6    
1    12   
1    3    
1    3    
1    3    
1    3    
1    6    
1    50   
1    12   
1    3    
1    3    
1    3    
1    3    
1    3    
1    6    
1    6    
1    9    
1    18   
1    21   
1    3    
1    3    
1    3    
1    3    
1    3    
1    3    
1    3    
1    3    
1    3    
1    3    
1    3    
1    3    
1    3    
1    3    
1    3    
1    3    
1    3    
1    3    
1    3    
1    3    
1    3    
1    3    
1    3    
1    3    
1    3    
1    3    
1    3    
1    3    
1    3    
1    3    
1    3    
1    3    
1    3    
1    3    
1    3    
1    3    
1    3    
1    3    
1    3    
1    3    
1    3    
1    3    
1    3    
1    3    
1    3    
1    3    
1    3    
1    3    
1    3    
1    3    
1    3    
1    3    
1    3    
1    3    
1    3    
1    3    
1    3    
1    3    
1    3    
1    3    
1    3    
1    3    
1    3    
1    3    
1    3    
1    6    
1    6    
1    6    
1    6    
1    6    
1    6    
1    6    
1    6    
1    6    
1    6    
1    6    
1    6    
1    6    
1    6    
1    6    
1    6    
1    6    
1    9    
1    9    
1    9    
1    9    
1    9    
1    9    
1    9    
1    9    
1    12   
1    12   
1    12   
1    12   
1    12   
1    12   
1    15   
1    15   
1    15   
1    18   
1    18   
1    18   
1    18   
1    21   
1    30   
1    33   
1    41   
1    77   
1    89   
2    99   
2    99   
3    99   
3    99   
3    99   
3    99   
3    99   
1    3    
1    3    
1    6    
1    3    
1    3    
1    3    
1    3    
1    12   
3    99   
1    3    
1    3    
1    3    
1    6    
1    3    
1    3    
1    6    
1    3    
3    99   
1    3    
1    3    
1    3    
1    3    
1    3    
1    3    
1    3    
1    3    
1    3    
1    3    
1    3    
1    3    
1    3    
1    3    
1    3    
1    3    
1    6    
1    6    
1    9    
1    9    
1    36   
1    6    
1    6    
1    3    
1    3    
1    3    
1    3    
1    3    
1    3    
1    3    
1    3    
1    3    
1    3    
1    3    
1    6    
1    6    
3    99   
3    99   
4    99   
1    3    
1    3    
1    3    
1    3    
1    3    
1    3    
1    3    
1    3    
1    3    
1    3    
1    6    
1    6    
3    99   
1    3    
1    3    
1    3    
1    3    
1    3    
1    3    
1    3    
1    3    
1    3    
1    3    
1    6    
1    6    
1    6    
1    36   
1    3    
1    3    
1    3    
1    9    
1    9    
1    15   
1    6    
1    3    
1    3    
1    3    
1    3    
1    15   
1    12   
1    3    
1    9    
1    3    
1    6    
1    3    
1    3    
1    3    
1    3    
1    3    
3    99   
1    3    
1    3    
1    3    
1    21   
3    99   
1    3    
1    3    
1    3    
1    3    
1    3    
1    3    
1    3    
1    3    
1    3    
1    6    
1    9    
1    9    
1    9    
1    15   
1    18   
1    21   
1    21   
2    99   
1    3    
1    6    
1    3    
1    3    
1    3    
1    6    
1    6    
1    3    
1    3    
1    3    
1    3    
1    3    
1    6    
1    6    
1    3    
1    3    
1    3    
1    3    
1    3    
1    3    
1    3    
1    3    
1    3    
1    6    
1    12   
1    3    
1    3    
1    3    
1    3    
1    9    
1    3    
1    3    
1    3    
1    3    
1    3    
1    3    
1    3    
1    3    
1    12   
1    3    
1    3    
1    3    
1    9    
1    3    
1    3    
1    3    
1    3    
1    3    
1    3    
1    6    
1    12   
1    44   
1    3    
1    3    
1    3    
2    99   
3    99   
4    99   
1    3    
1    3    
1    3    
1    6    
1    3    
1    3    
1    3    
1    3    
1    3    
1    3    
1    3    
1    6    
1    6    
1    3    
1    3    
1    3    
1    3    
1    3    
1    3    
1    3    
1    3    
1    3    
1    3    
1    3    
1    3    
1    3    
1    3    
1    3    
1    6    
1    6    
1    6    
1    6    
1    9    
1    15   
1    27   
1    99   
2    99   
3    99   
4    99   
1    6    
1    3    
1    3    
1    3    
1    6    
3    99   
3    99   
1    6    
1    3    
1    3    
1    3    
1    3    
1    3    
1    3    
1    3    
1    3    
1    3    
1    3    
1    3    
1    3    
1    3    
1    3    
1    3    
1    6    
1    6    
1    6    
1    6    
1    9    
1    9    
1    15   
1    15   
1    36   
2    99   
3    99   
3    99   
3    99   
4    99   
4    99   
1    3    
1    3    
1    3    
1    3    
1    3    
1    3    
1    3    
1    3    
1    6    
1    6    
1    18   
1    99   
1    3    
1    3    
4    99   
1    3    
1    3    
1    3    
1    9    
1    9    
1    6    
1    3    
1    6    
4    99   
4    99   
3    99   
1    6    
1    3    
1    9    
1    3    
1    18   
1    3    
1    21   
3    99   
1    3    
1    3    
1    3    
1    3    
1    3    
1    3    
1    3    
1    3    
1    6    
1    3    
1    3    
1    99   
4    99   
3    99   
1    3    
2    99   
1    3    
1    9    
1    3    
1    3    
1    3    
1    3    
1    3    
1    3    
1    6    
1    18   
1    3    
1    3    
1    30   
1    99   
4    99   
1    9    
1    3    
1    3    
1    3    
1    3    
1    9    
1    12   
1    3    
1    33   
1    9    
1    3    
1    3    
1    3    
1    3    
1    3    
1    3    
1    3    
1    3    
1    6    
1    9    
2    99   
1    6    
1    3    
1    3    
1    6    
1    89   
3    99   
4    99   
2    99   
1    3    
1    6    
1    27   
4    99   
3    99   
2    99   
1    9    
1    6    
1    3    
1    3    
1    6    
1    3    
1    3    
3    99   
1    3    
1    3    
1    3    
1    6    
1    3    
1    3    
1    3    
1    3    
1    6    
3    99   
1    3    
1    3    
1    3    
1    3    
1    3    
1    3    
1    3    
1    6    
1    9    
1    9    
1    9    
1    9    
1    9    
2    99   
1    30   
1    12   
1    3    
1    3    
1    3    
1    3    
1    3    
1    3    
1    3    
1    3    
1    6    
1    38   
1    3    
1    3    
1    3    
1    3    
1    3    
1    3    
1    3    
1    3    
1    9    
1    6    
1    3    
1    3    
1    6    
3    99   
1    3    
1    3    
1    3    
1    6    
1    3    
1    6    
1    3    
1    3    
1    3    
1    3    
1    3    
1    3    
1    6    
1    6    
1    9    
1    9    
1    6    
1    3    
1    3    
1    3    
1    3    
1    3    
1    3    
1    3    
1    21   
1    3    
3    99   
1    3    
1    3    
1    3    
1    6    
1    3    
1    3    
1    99   
1    3    
1    6    
1    3    
1    3    
1    6    
1    6    
1    3    
1    6    
1    3    
1    12   
1    3    
1    3    
1    3    
1    18   
1    3    
1    12   
1    6    
1    6    
1    6    
1    44   
2    99   
1    3    
2    99   
1    3    
2    99   
1    9    
1    3    
1    3    
1    3    
1    9    
1    6    
1    24   
1    3    
1    3    
1    3    
1    3    
1    3    
1    3    
1    3    
1    3    
1    6    
1    9    
1    9    
3    99   
1    12   
1    3    
1    3    
1    27   
1    6    
2    99   
1    3    
1    6    
1    6    
1    3    
1    3    
1    3    
1    6    
1    6    
1    9    
1    9    
1    99   
1    6    
3    99   
1    3    
1    56   
1    6    
1    3    
1    3    
1    21   
1    3    
1    3    
1    3    
1    3    
1    6    
1    27   
1    3    
1    3    
2    99   
1    3    
1    3    
1    6    
1    9    
1    27   
1    6    
1    15   
1    3    
1    3    
1    3    
1    3    
1    3    
1    6    
1    3    
1    3    
1    9    
1    3    
1    6    
1    3    
1    6    
1    3    
1    18   
1    6    
4    99   
1    3    
1    3    
1    15   
1    3    
1    3    
1    3    
1    3    
1    3    
1    3    
1    3    
1    3    
1    6    
1    6    
1    18   
1    21   
1    3    
1    6    
1    9    
3    99   
1    30   
3    99   
1    9    
1    9    
1    3    
1    68   
1    3    
1    18   
4    99   
1    3    
1    3    
1    6    
1    3    
1    6    
1    9    
1    12   
1    15   
1    3    
1    3    
1    3    
1    3    
1    3    
1    3    
1    3    
1    3    
1    12   
1    21   
1    3    
1    3    
1    3    
1    3    
1    3    
1    3    
1    3    
1    3    
1    6    
1    3    
1    3    
1    3    
1    3    
1    3    
1    3    
1    9    
1    12   
1    3    
1    3    
1    99   
1    9    
1    6    
1    3    
1    3    
1    3    
1    3    
1    3    
1    3    
1    6    
1    3    
1    3    
1    24   
1    15   
1    30   
1    3    
1    3    
1    6    
1    9    
1    9    
1    12   
1    36   
1    3    
1    3    
1    3    
1    3    
1    41   
3    99   
1    3    
1    3    
1    3    
1    6    
1    9    
2    99   
3    99   
1    3    
1    3    
1    3    
1    6    
1    6    
1    3    
1    3    
1    12   
1    95   
1    3    
1    3    
1    3    
1    12   
1    3    
1    3    
1    3    
1    3    
1    3    
1    24   
1    3    
1    6    
1    3    
1    3    
1    3    
1    3    
1    3    
1    15   
1    15   
1    6    
1    3    
1    3    
1    3    
1    3    
1    6    
1    3    
1    3    
1    9    
1    6    
1    3    
1    3    
1    6    
1    3    
4    99   
1    3    
1    3    
1    3    
1    3    
1    3    
1    24   
1    3    
1    3    
1    9    
3    99   
1    9    
1    3    
1    6    
1    6    
1    3    
1    6    
1    3    
1    3    
1    15   
1    3    
1    3    
1    3    
1    3    
1    3    
1    3    
1    3    
1    6    
1    3    
1    3    
1    3    
1    6    
1    24   
1    9    
4    99   
1    6    
1    3    
1    3    
1    3    
1    9    
1    36   
1    3    
1    15   
1    3    
1    6    
1    6    
3    99   
1    3    
1    3    
1    3    
1    3    
1    3    
1    3    
1    3    
1    3    
1    3    
1    3    
1    3    
1    6    
1    6    
1    6    
1    12   
3    99   
2    99   
1    3    
1    3    
1    3    
1    3    
1    21   
1    3    
1    6    
2    99   
3    99   
4    99   
1    6    
1    3    
1    3    
1    3    
1    3    
1    3    
1    24   
1    3    
1    3    
1    3    
1    24   
1    3    
1    3    
1    3    
1    3    
1    6    
1    3    
1    3    
1    3    
1    3    
1    3    
1    3    
1    3    
1    3    
1    3    
1    3    
1    3    
1    3    
1    3    
1    3    
1    3    
1    3    
1    3    
1    3    
1    3    
1    3    
1    3    
1    3    
1    3    
1    6    
1    6    
1    6    
1    9    
1    9    
1    9    
1    9    
1    9    
1    12   
1    15   
1    15   
1    15   
1    18   
1    18   
1    24   
2    99   
2    99   
3    99   
3    99   
4    99   
4    99   
4    99   
1    99   
2    99   
1    99   
4    99   
3    99   
1    99   
2    99   
1    3    
1    15   
1    9    
1    3    
1    12   
1    21   
3    99   
3    99   
1    33   
1    9    
1    9    
1    24   
4    99   
3    99   
2    99   
1    3    
1    3    
1    3    
1    6    
1    6    
1    9    
1    18   
1    99   
4    99   
3    99   
1    3    
1    3    
1    6    
1    3    
1    9    
1    3    
1    3    
1    3    
1    3    
1    6    
1    3    
1    3    
1    9    
3    99   
1    3    
1    15   
1    3    
1    3    
3    99   
1    3    
1    3    
1    3    
1    18   
1    3    
1    3    
1    3    
1    6    
1    12   
1    3    
1    3    
1    3    
1    3    
1    3    
1    3    
1    3    
1    24   
1    6    
1    3    
1    3    
1    3    
1    6    
1    3    
1    3    
1    3    
1    3    
1    6    
2    99   
1    6    
1    3    
1    3    
1    33   
1    3    
1    9    
1    18   
1    3    
1    3    
1    3    
1    3    
1    3    
1    3    
1    6    
1    9    
1    9    
1    9    
1    12   
3    99   
1    12   
1    3    
1    3    
1    3    
1    3    
1    6    
1    6    
1    6    
1    6    
1    6    
1    12   
1    33   
1    41   
1    3    
1    3    
1    3    
1    6    
1    6    
1    6    
1    9    
3    99   
4    99   
